20 
20 20 
20 20 20 
20 20 20 20 
20 20 20 20 20 
25 20 20 20 20 20 
25 25 25 20 20 20 20 
25 25 25 25 20 20 20 20 
30 25 25 25 25 20 20 20 20 
30 30 30 25 25 20 20 20 20 20 
30 30 30 30 25 25 20 20 20 20 20 
35 35 30 30 30 25 25 25 20 20 20 20 
40 35 35 35 35 30 30 25 25 25 20 20 20 
40 40 40 35 35 35 30 30 30 25 25 25 20 20 
45 40 40 40 40 35 35 30 30 30 25 25 25 20 20 
45 45 40 40 40 35 35 35 30 30 30 25 25 20 20 20 
45 45 45 40 40 40 35 35 35 30 30 30 25 20 20 20 20 
50 45 45 45 45 40 40 35 35 35 30 30 30 25 20 20 20 20 
50 45 45 45 45 40 40 35 35 35 35 30 30 25 25 20 20 20 20 
45 45 45 40 40 40 35 35 35 30 35 35 30 30 25 25 20 20 20 20 
45 45 40 40 40 35 35 35 30 30 30 35 35 30 25 25 25 20 20 20 20 
40 40 40 40 35 35 35 30 30 30 30 30 35 30 30 25 25 25 20 20 20 20 
40 40 40 35 35 35 30 30 30 25 30 30 35 30 30 25 25 25 25 20 20 20 20